5 20 27
13 68 27
9 24 27
1 90 33
0 5 1
x
1 93 31
9 26 34
14 56 27
4 29 11
14 59 4
4 85 11
3 53 32
8 29 29
x
4 69 19
2 52 15
10 57 10
14 8 36
1 83 15
13 5 15
1 21 29
0 34 10
x
10 62 42
2 53 28
5 77 19
1 96 44
x
0 75 33
4 88 2
13 73 39
4 71 16
6 92 18
9 28 33
11 68 28
2 0 3
2 62 8
3 58 31
0 76 8
6 96 5
x
0 21 28
7 0 40
2 54 31
8 32 1
x
0 6 37
7 53 13
11 72 34
x
0 63 4
8 35 1
1 55 19
7 56 25
1 57 8
14 64 1
x
2 64 13
x
x
0 78 30
3 28 14
0 64 10
10 67 12
11 79 1
14 69 20
x
5 22 0
9 30 10
9 2 16
2 65 18
9 5 44
8 0 16
5 84 39
0 95 18
7 4 14
2 55 17
5 26 35
10 27 1
9 8 15
9 32 9
7 8 12
5 89 23
2 69 10
3 67 13
14 72 31
5 93 26
2 3 3
x
12 52 42
2 5 25
14 12 25
x
2 6 0
5 98 29
8 9 0
0 7 29
4 91 42
x
6 0 42
3 73 35
x
0 65 38
0 36 34
14 75 5
7 12 37
7 59 28
0 8 4
x
13 44 30
3 6 8
0 29 9
x
x
1 59 36
1 84 35
13 79 41
5 28 43
x
x
4 34 17
9 37 14
x
x
7 83 7
2 7 14
9 43 33
14 79 40
7 85 13
0 38 19
0 41 31
x
6 2 37
9 48 5
14 84 30
2 71 44
2 72 12
0 79 20
11 83 35
5 32 34
7 62 41
4 94 40
2 74 34
x
x
9 50 8
1 24 13
2 78 22
x
2 8 44
7 65 41
0 96 14
14 87 14
x
8 37 15
1 28 20
3 30 13
10 72 34
8 41 0
3 75 3
x
0 9 42
10 75 37
8 44 24
14 90 2
1 62 21
0 22 41
13 49 8
0 66 36
7 14 31
11 86 30
6 8 36
1 85 42
3 77 6
3 9 35
x
0 23 14
15 0 30
x
x
x
x
13 52 35
14 44 17
11 90 37
1 64 20
x
10 78 34
0 81 29
2 10 14
4 73 35
0 24 19
x
0 67 15
7 68 15
3 32 38
x
x
10 31 26
0 43 1
x
13 84 9
13 23 29
7 18 38
3 38 21
0 44 0
10 40 7
0 83 7
0 98 38
0 68 36
1 31 37
5 34 15
1 34 12
1 66 8
7 87 42
7 89 26
10 83 40
0 0 14
15 5 17
6 10 44
15 9 3
x
0 1 11
0 17 15
14 16 26
7 22 9
5 39 5
x
2 12 6
6 12 41
0 30 36
x
7 24 17
1 68 8
3 81 21
x
3 85 38
x
3 40 23
4 75 12
8 46 26
6 17 36
x
x
11 94 18
10 88 22
x
7 71 35
8 48 31
x
2 56 0
3 89 36
10 44 31
2 13 30
0 25 40
9 54 43
x
0 45 36
6 22 4
12 0 10
x
12 4 32
3 95 26
7 26 11
5 45 39
9 11 37
12 8 10
7 28 9
2 14 20
0 26 43
0 91 36
5 47 21
4 0 10
x
4 97 42
0 27 4
1 0 38
0 92 43
9 58 25
12 11 35
2 16 38
13 56 30
8 52 36
3 12 41
2 80 7
13 59 44
2 17 29
2 81 22
1 2 40
9 60 30
1 86 1
x
4 77 42
8 58 30
x
5 51 28
x
9 66 39
6 27 40
0 18 38
0 2 11
10 8 9
1 69 23
x
10 96 10
x
15 13 37
13 89 43
11 0 8
x
0 19 17
7 30 21
5 0 41
1 71 12
x
8 61 39
0 3 31
6 29 21
0 84 25
x
15 17 16
x
0 48 4
12 14 10
x
1 3 36
12 18 43
0 50 18
6 34 11
12 57 23
8 64 21
x
8 68 28
2 85 9
13 94 5
15 20 5
13 28 40
4 2 31
7 91 42
x
4 79 29
15 23 6
4 5 16
x
1 4 26
9 14 36
2 87 18
15 32 0
2 20 29
12 22 23
5 5 43
x
4 81 37
9 0 19
14 47 9
11 3 42
10 49 39
x
11 8 22
5 53 21
15 37 36
0 93 12
4 83 22
8 72 3
1 72 10
14 20 12
7 93 41
1 74 15
x
6 36 6
x
1 40 40
10 11 44
x
9 17 5
12 25 28
11 13 11
0 86 10
12 62 33
15 42 12
x
14 3 16
7 32 38
x
0 11 13
x
x
2 21 34
x
12 28 34
4 45 14
8 75 35
1 6 37
10 14 24
5 55 33
2 24 20
7 35 10
8 14 30
5 8 16
0 52 6
x
5 59 14
6 38 26
11 18 39
5 11 33
9 75 17
4 9 1
5 63 28
15 46 33
9 80 40
8 79 2
11 21 4
2 88 22
12 31 13
11 28 28
14 28 13
6 41 34
15 49 1
15 57 25
x
x
4 11 6
12 35 31
0 31 3
5 65 28
0 94 13
x
x
8 84 23
13 8 42
9 82 39
2 92 19
2 93 18
x
x
12 67 24
2 94 17
8 86 1
15 61 13
13 62 14
6 43 36
0 54 34
x
9 90 2
2 25 28
11 33 28
3 15 25
11 38 10
2 26 20
8 19 41
11 43 43
x
12 38 10
0 69 39
0 87 29
15 65 29
0 56 1
15 68 43
6 48 8
13 32 18
12 72 43
1 75 33
2 29 12
11 46 0
14 32 2
1 87 25
1 8 38
2 30 41
7 39 1
8 89 43
1 10 38
4 50 33
8 24 20
0 32 7
1 43 37
0 4 8
7 43 44
1 12 1
1 77 20
12 42 26
13 11 17
2 33 16
15 71 8
1 88 21
x
15 74 2
0 88 37
11 49 44
14 50 35
0 12 8
4 13 14
6 53 34
6 55 24
x
10 18 22
1 78 18
x
x
4 17 42
2 98 39
7 74 16
0 70 4
9 95 34
2 57 2
2 36 32
0 13 15
x
10 24 9
6 58 22
0 57 33
x
x
x
5 69 40
6 61 17
0 89 18
12 77 5
14 36 2
x
x
15 77 5
2 58 29
11 52 16
1 79 18
3 0 5
2 37 42
7 77 16
1 44 21
1 80 2
3 42 19
3 2 21
x
2 38 42
0 20 37
15 84 17
6 63 44
8 92 9
7 95 21
0 71 44
6 65 41
11 57 4
0 72 32
1 45 13
1 81 8
0 33 24
0 58 9
5 71 0
7 47 6
13 65 10
6 67 9
4 55 19
2 59 19
x
12 45 1
2 41 20
0 60 40
x
x
2 44 35
5 75 30
7 80 34
3 4 2
1 14 22
2 45 29
14 53 30
7 49 40
x
1 16 19
1 18 35
15 88 25
1 89 26
13 14 34
12 48 36
x
14 40 18
x
0 14 17
5 14 14
0 61 9
5 17 18
1 49 23
6 76 2
x
13 36 21
9 20 5
x
13 17 32
10 0 9
3 19 32
0 15 32
12 82 26
13 40 30
0 28 34
8 95 7
3 22 13
2 49 12
6 81 29
13 20 38
4 19 0
1 52 38
7 51 30
x
13 0 7
3 25 3
10 4 3
10 53 10
15 92 43
3 44 30
x
x
15 95 38
11 60 13
6 84 35
1 19 31
10 6 20
4 24 6
0 16 2
6 87 17
x
4 64 1
7 97 38
0 74 17
2 51 12
x
