4 59 41
13 83 33
13 6 43
x
x
11 23 43
x
6 10 40
1 6 44
x
5 51 43
7 90 11
x
15 72 1
10 11 6
10 37 21
3 11 25
6 92 3
11 54 28
2 27 11
6 29 11
x
x
11 10 6
2 93 11
14 1 23
x
x
9 29 42
1 72 43
4 96 43
7 76 32
3 62 20
x
7 5 39
9 70 31
x
12 82 24
x
x
x
11 28 14
x
x
9 10 14
3 78 0
5 29 42
x
5 78 42
0 37 28
2 5 23
12 75 9
6 22 3
x
1 79 41
x
8 72 2
12 60 42
15 5 19
11 5 2
15 23 13
1 53 37
14 77 32
13 26 8
1 93 10
10 73 27
0 5 1
11 60 41
x
10 5 38
8 63 25
x
5 62 24
x
x
6 55 21
x
10 10 10
1 59 41
15 77 32
6 61 21
x
x
2 46 22
11 87 41
x
14 6 0
x
15 81 42
15 13 5
13 88 1
0 21 40
10 61 27
14 48 30
7 20 39
8 47 3
x
x
5 93 40
11 37 26
11 47 2
14 70 13
9 24 13
12 74 7
x
6 48 6
1 37 35
8 77 23
x
2 9 5
10 24 22
x
6 74 38
1 28 17
12 9 4
x
5 28 3
11 79 31
x
1 19 12
4 33 17
x
0 87 37
3 28 16
7 26 16
13 28 19
0 20 38
x
6 69 5
11 15 18
x
2 60 25
12 4 2
12 47 2
6 8 36
9 4 4
0 4 18
14 0 22
x
6 39 25
3 50 18
0 82 17
13 93 39
x
1 64 40
5 39 33
5 85 35
2 45 24
10 88 3
3 40 23
10 96 36
10 79 33
x
13 3 3
1 9 26
11 93 38
x
14 75 27
4 41 9
2 69 6
13 71 12
15 32 15
x
15 48 8
13 19 5
3 53 13
x
x
5 21 21
8 56 6
x
5 69 24
5 49 38
1 25 2
x
x
9 60 39
x
12 66 12
10 53 29
15 57 37
6 12 4
14 37 32
2 18 20
13 8 40
4 74 44
x
10 27 41
0 52 8
x
9 93 33
0 66 17
x
8 36 31
0 41 5
2 77 11
15 75 14
14 54 37
4 18 34
6 76 22
12 81 23
8 19 33
9 75 30
4 67 17
x
11 75 10
13 54 14
7 72 2
12 65 35
2 53 20
15 6 4
x
x
x
x
2 25 37
9 20 32
0 93 8
x
1 3 11
14 46 6
7 45 10
8 3 22
x
x
0 60 37
2 34 34
x
12 34 30
2 17 31
x
13 75 36
5 5 22
4 38 30
14 36 32
x
12 17 33
x
14 28 15
10 77 9
7 59 16
0 8 4
x
13 49 29
13 36 21
15 37 43
14 89 7
15 62 38
12 71 31
12 96 4
3 19 12
6 4 9
6 67 34
1 75 6
8 18 28
x
7 81 34
9 35 21
x
x
11 68 40
10 40 37
0 74 39
x
3 38 29
8 53 1
14 59 20
0 34 38
2 32 26
0 91 13
x
1 47 29
x
2 67 30
4 3 20
5 89 39
x
x
9 22 27
10 3 30
5 34 37
2 16 12
10 18 19
1 69 11
x
13 2 2
1 16 18
x
x
14 53 17
0 2 29
1 24 1
12 24 41
11 58 15
10 70 10
3 2 1
9 54 0
11 33 36
x
11 45 5
x
x
12 52 18
x
1 33 35
8 44 13
0 25 14
1 49 9
3 81 25
6 45 12
14 17 11
x
9 33 25
6 89 36
2 31 27
7 1 20
14 67 9
x
4 88 4
x
11 18 11
12 1 8
9 47 28
x
9 66 36
0 11 25
2 52 16
8 66 35
5 84 13
3 47 35
6 84 0
2 89 8
6 17 10
13 68 7
0 85 1
4 78 24
6 1 7
13 64 16
x
7 24 27
8 25 40
5 60 44
7 64 17
x
5 55 36
x
10 65 19
7 0 0
15 67 16
1 15 6
12 31 34
9 90 31
2 0 1
0 64 42
9 8 28
8 9 40
8 92 16
13 79 5
2 62 44
7 85 15
1 45 37
3 73 16
5 43 26
1 62 33
4 71 13
x
7 51 36
10 21 27
5 33 22
6 25 40
0 48 14
15 0 0
x
6 52 27
15 18 10
4 64 44
4 24 29
15 45 15
8 55 34
14 81 6
2 41 15
7 15 9
5 73 29
3 33 21
13 15 32
x
5 10 25
7 35 19
x
5 17 32
14 33 42
x
15 89 12
x
10 58 27
x
14 16 5
x
x
14 86 28
x
7 7 3
x
11 84 10
14 43 14
12 84 33
x
2 58 29
9 52 32
14 3 14
13 0 29
11 89 16
13 43 17
x
5 65 42
1 88 21
13 56 35
3 45 9
5 45 23
10 49 22
12 42 28
4 49 27
10 68 26
15 28 41
8 70 33
x
1 26 22
3 67 43
9 15 9
2 14 15
13 23 10
3 89 26
12 0 38
6 0 6
6 34 19
11 0 0
8 84 5
x
6 64 17
11 41 21
12 14 30
x
x
12 55 44
7 93 42
6 6 4
3 95 20
x
4 91 19
x
x
1 42 18
9 0 18
10 32 41
1 74 3
3 17 32
1 0 20
0 72 12
8 0 19
x
7 55 15
15 84 4
10 98 22
7 14 37
6 42 30
3 58 34
10 16 0
x
x
13 96 20
1 13 31
x
x
x
15 7 31
5 37 19
x
15 93 16
x
2 30 21
0 31 8
2 22 9
x
5 0 18
6 24 44
8 58 44
4 0 25
2 57 30
0 43 26
14 9 39
x
x
14 41 8
2 83 7
6 56 43
12 49 1
14 26 20
7 40 27
13 32 34
13 46 25
5 81 5
14 72 28
4 22 2
1 82 41
9 7 9
7 13 35
x
5 24 39
2 49 0
10 85 13
0 50 11
4 29 39
8 31 18
4 54 36
7 49 32
13 41 12
x
9 80 3
8 49 42
4 13 8
0 15 8
8 40 24
8 7 8
10 90 23
10 31 17
14 79 4
7 12 34
2 74 24
6 32 41
0 30 16
7 70 8
8 80 37
3 24 38
x
x
9 43 29
12 38 43
14 64 31
8 23 22
1 73 1
1 40 40
10 44 33
14 62 0
x
8 89 15
3 36 28
x
x
2 28 15
5 14 26
x
x
5 9 7
11 49 35
12 28 22
x
0 46 10
15 51 35
4 7 3
4 12 30
9 40 27
11 72 14
10 83 35
x
x
10 7 38
13 30 44
3 12 7
x
12 40 15
2 37 28
2 21 43
12 21 8
0 68 2
0 55 34
1 55 41
15 40 26
x
2 86 24
x
9 85 19
x
x
8 13 7
9 56 14
2 54 44
3 7 24
0 22 7
6 80 23
x
x
12 76 13
13 60 23
3 65 39
7 61 28
x
1 86 29
3 86 39
7 21 17
x
2 36 18
8 29 42
15 9 24
4 83 12
x
0 0 33
0 78 4
10 0 27
13 73 7
13 11 31
14 12 31
4 45 27
7 31 32
2 80 36
x
3 0 14
9 95 23
x
x
9 11 30
x
13 21 2
7 69 44
8 12 26
14 22 38
