0 0 35
0 2 25
0 7 42
0 11 35
0 14 18
0 15 7
0 19 40
0 22 28
0 24 30
0 27 29
0 32 36
0 36 16
0 43 17
0 48 30
0 52 9
0 57 39
0 59 36
0 60 33
0 65 37
0 69 12
0 70 39
0 74 19
0 77 37
0 79 16
0 84 6
0 89 32
0 90 7
0 95 9
1 0 27
1 4 11
1 5 1
1 8 37
1 13 24
1 15 9
1 19 30
1 21 44
1 28 44
1 31 28
1 33 18
1 36 30
1 40 34
1 49 14
1 55 11
1 56 34
1 60 27
1 62 40
1 65 27
1 69 18
1 70 43
1 73 21
1 76 12
1 80 30
1 81 30
1 83 7
1 85 40
1 88 18
1 90 11
1 95 14
2 0 26
2 1 30
2 6 34
2 11 2
2 12 33
2 14 37
2 15 16
2 20 16
2 24 3
2 27 0
2 32 27
2 36 36
2 38 32
2 41 31
2 45 0
2 49 9
2 54 22
2 59 42
2 62 9
2 66 3
2 67 34
2 69 2
2 74 10
2 77 6
2 82 4
2 86 12
2 88 10
2 90 15
2 94 41
3 0 42
3 5 26
3 7 25
3 12 20
3 17 21
3 19 43
3 23 21
3 28 24
3 29 17
3 38 40
3 43 24
3 44 36
3 53 15
3 58 7
3 60 42
3 67 36
3 73 24
3 74 1
3 76 41
3 80 12
3 82 16
3 85 40
3 86 17
3 91 2
3 95 27
3 98 4
4 0 1
4 5 21
4 10 13
4 12 44
4 13 42
4 18 10
4 29 11
4 34 10
4 45 20
4 50 40
4 54 4
4 64 22
4 69 43
4 71 39
4 72 13
4 77 40
4 82 19
4 84 30
4 86 37
4 87 38
4 92 28
4 94 12
4 96 27
4 99 8
5 0 19
5 1 19
5 5 44
5 8 36
5 10 39
5 13 32
5 16 42
5 20 10
5 25 10
5 29 39
5 33 2
5 34 34
5 39 39
5 45 33
5 47 0
5 50 9
5 52 14
5 55 13
5 59 10
5 63 37
5 66 43
5 68 18
5 71 11
5 74 40
5 76 0
5 81 9
5 84 38
5 87 25
5 93 14
5 97 28
5 99 43
6 0 9
6 3 2
6 8 42
6 12 1
6 16 13
6 18 29
6 19 35
6 23 5
6 26 13
6 31 17
6 34 21
6 39 11
6 44 28
6 49 4
6 54 29
6 58 34
6 61 5
6 64 18
6 68 32
6 70 27
6 76 16
6 79 40
6 81 13
6 83 28
6 85 35
6 86 8
6 90 18
6 91 32
6 94 39
7 0 43
7 5 5
7 9 40
7 13 10
7 14 18
7 18 42
7 23 42
7 27 13
7 31 22
7 33 39
7 35 1
7 39 27
7 40 9
7 41 24
7 42 2
7 45 8
7 49 34
7 52 31
7 54 32
7 56 13
7 58 15
7 63 32
7 64 33
7 67 30
7 69 35
7 73 21
7 77 39
7 78 1
7 79 16
7 83 14
7 85 17
7 89 15
7 93 43
7 94 40
7 99 2
8 0 3
8 4 44
8 6 1
8 9 19
8 13 36
8 17 24
8 21 21
8 26 2
8 28 39
8 30 31
8 32 24
8 37 44
8 42 13
8 47 27
8 50 29
8 58 19
8 63 39
8 66 25
8 72 18
8 77 11
8 78 40
8 84 32
8 88 32
8 89 6
8 92 8
9 0 26
9 5 25
9 7 17
9 12 39
9 16 14
9 24 25
9 28 44
9 32 31
9 34 25
9 36 26
9 39 15
9 43 38
9 45 9
9 47 23
9 48 8
9 49 30
9 53 22
9 55 1
9 59 2
9 62 29
9 63 23
9 66 10
9 67 24
9 69 9
9 72 9
9 75 22
9 78 4
9 81 41
9 84 25
9 85 5
9 90 4
9 93 19
9 97 16
9 98 11
10 0 21
10 1 35
10 5 14
10 7 27
10 10 14
10 15 34
10 18 29
10 24 23
10 29 32
10 31 41
10 32 18
10 33 3
10 37 6
10 40 10
10 44 1
10 49 34
10 54 12
10 58 11
10 63 18
10 66 15
10 71 11
10 72 12
10 74 24
10 77 11
10 78 11
10 83 16
10 86 16
10 87 25
10 90 36
11 0 19
11 5 43
11 8 33
11 13 8
11 18 20
11 22 33
11 26 6
11 28 24
11 32 35
11 33 15
11 35 32
11 40 38
11 44 32
11 49 13
11 52 13
11 54 11
11 59 41
11 62 31
11 68 5
11 71 41
11 73 19
11 79 25
11 81 43
11 86 19
11 90 37
11 95 40
11 97 17
12 0 7
12 1 13
12 6 4
12 7 13
12 10 7
12 13 17
12 18 40
12 20 21
12 22 19
12 25 22
12 30 15
12 34 23
12 42 11
12 47 12
12 49 21
12 54 4
12 55 37
12 57 20
12 60 44
12 62 34
12 66 19
12 68 11
12 69 25
12 73 40
12 75 41
12 80 36
12 83 16
13 0 43
13 5 3
13 8 13
13 11 24
13 14 2
13 15 6
13 20 25
13 28 29
13 33 30
13 38 31
13 40 18
13 44 33
13 49 40
13 56 31
13 61 13
13 64 42
13 68 19
13 71 9
13 79 23
13 83 3
13 85 32
13 88 30
13 92 29
13 93 34
14 3 7
14 8 38
14 11 15
14 13 32
14 18 26
14 22 37
14 28 2
14 31 33
14 34 34
14 39 44
14 41 8
14 43 17
14 46 35
14 48 32
14 52 25
14 55 32
14 59 16
14 64 43
14 69 18
14 73 11
14 75 13
14 79 15
14 83 35
14 88 44
14 93 28
14 95 27
14 99 5
15 0 43
15 4 22
15 9 3
15 14 17
15 19 36
15 21 31
15 24 6
15 28 7
15 29 8
15 32 21
15 37 6
15 42 7
15 47 29
15 51 10
15 57 8
15 61 1
15 64 3
15 69 8
15 71 7
15 76 16
15 81 0
15 84 21
15 89 11
15 92 20
15 97 26
x
x
x
x
x
x
x
x
x
x
x
x
x
x
x
x
x
x
x
x
x
x
x
x
x
x
x
x
x
x
x
x
x
x
x
x
x
x
x
x
x
x
x
x
x
x
x
x
x
x
x
x
x
x
x
x
x
x
x
x
x
x
x
x
x
x
x
x
x
x
x
x
x
x
x
x
x
x
x
x
x
x
x
x
x
x
x
x
x
x
x
x
x
x
x
x
x
x
x
x
x
x
x
x
x
x
x
x
x
x
x
x
x
x
x
x
x
x
x
x
x
x
x
x
x
x
x
x
x
x
x
x
x
x
x
x
x
x
x
x
x
x
x
x
x
x
x
x
x
x
x
x
x
x
x
x
x
x
x
x
x
x
x
x
x
x
x
x
x
x
x
x
x
x
x
